spawns:
  default:
    world: 8dcc6e6e-32ad-41c2-8db8-18f67b95d11d
    world-name: world
    x: -886.4101163592672
    y: 69.0
    z: -238.00850910044986
    yaw: -89.5062255859375
    pitch: -0.9476391077041626
